0 XPOSAT
1 58694U 24001A   24001.68468223  .00000628  00000-0  00000-0 0  9991
2 58694   5.9870 115.4463 0010488 359.8378  55.4280 14.74838619    62
0 NVS-01
1 56759U 23076A   24044.83509247 -.00000342  00000-0  00000-0 0  9992
2 56759   4.3176 268.8103 0007785   9.6248 295.0846  1.00272048  2548
0 EOS-7
1 55562U 23019A   24044.41027039  .00046898  00000-0  92310-3 0  9991
2 55562  37.1796 307.7964 0002938 284.6957  75.3477 15.46264184 56956
0 RISAT-2BR2
1 46905U 20081A   24044.88034510  .00007326  00000-0  60235-3 0  9995
2 46905  36.8980 248.1978 0009385  69.1037 291.0707 14.98753127179099
0 EOS-4
1 51656U 22013A   24045.26425643  .00005047  00000-0  29183-3 0  9990
2 51656  97.5169  53.8092 0001898 100.1225 260.0220 15.12717575110393
0 GSAT 30
1 45026U 20005A   24044.82896611 -.00000170  00000-0  00000-0 0  9998
2 45026   0.0092 126.6279 0000720 148.7319 249.3865  1.00272018 14941
0 RISAT-2BR1
1 44857U 19089F   24045.21552869  .00009925  00000-0  81053-3 0  9993
2 44857  36.9609 129.4309 0011297 127.4992 232.6777 14.98887185228921
0 CARTOSAT 3
1 44804U 19081A   24045.21594421  .00008130  00000-0  38831-3 0  9990
2 44804  97.5517 103.2023 0011151 251.8860 108.1160 15.19252240233765
0 RISAT 2B
1 44233U 19028A   24045.21593772  .00010755  00000-0  87841-3 0  9996
2 44233  36.9996   9.4660 0007309 350.1581   9.9017 14.98883936259648
0 GSAT 31
1 44035U 19007B   24045.10529462  .00000120  00000-0  00000+0 0  9999
2 44035   0.1187 273.9203 0005652  16.4498 299.0035  1.00271482 18395
0 GSAT 7A
1 43864U 18105A   24044.82186501  .00000021  00000-0  00000-0 0  9998
2 43864   0.1150 269.3966 0001752  30.3611 202.1941  1.00272613 18891
0 GSAT 11
1 43824U 18100B   24044.87549313 -.00000082  00000-0  00000-0 0  9996
2 43824   0.0783 274.5849 0004740 136.7503 121.2332  1.00270054 18912
0 HYSIS
1 43719U 18096A   24045.15482400  .00003131  00000-0  43298-3 0  9994
2 43719  97.8820 111.7451 0002325  44.7233 315.4166 14.78764446281216
0 GSAT 29
1 43698U 18089A   24044.82029860  .00000080  00000-0  00000-0 0  9993
2 43698   0.0757  96.1342 0002832 200.7339 196.8167  1.00271107 19226
0 IRNSS 1I
1 43286U 18035A   24044.67719531  .00000080  00000-0  00000-0 0  9991
2 43286  28.8197  87.6010 0021049 186.7849 167.6234  1.00271634 21502
0 GSAT 6A
1 43241U 18027A   24044.62262067 -.00000145  00000-0  00000-0 0  9998
2 43241   1.4083 107.6375 1302551  63.0491  84.5999  1.19316030 25668
0 CARTOSAT 2F
1 43111U 18004A   24045.15088903  .00009837  00000-0  46913-3 0  9995
2 43111  97.4493 106.5067 0002715  65.4705 294.6813 15.19287279337664
0 GSAT 17
1 42815U 17040B   24044.91507997 -.00000263  00000-0  00000-0 0  9995
2 42815   0.0329 102.4047 0005698 181.2269 282.7109  1.00272166 24225
0 CARTOSAT 2E
1 42767U 17036C   24045.18356001  .00010838  00000-0  51631-3 0  9991
2 42767  97.4560 106.3126 0007071  60.2506 299.9431 15.19280454368487
0 GSAT 19
1 42747U 17031A   24044.81890624  .00000120  00000-0  00000-0 0  9991
2 42747   0.0055 147.9361 0003644 223.1565 114.9165  1.00273978 24570
0 GSAT 9
1 42695U 17024A   24045.05188142 -.00000292  00000-0  00000+0 0  9997
2 42695   0.1305 269.8048 0001795  72.5339 277.2471  1.00271200 24868
0 CARTOSAT 2D
1 41948U 17008A   24045.16754812  .00010220  00000-0  48749-3 0  9991
2 41948  97.4439 106.3949 0006048   4.7257 355.4033 15.19260191387915
0 RESOURCESAT 2A
1 41877U 16074A   24045.20889302  .00000418  00000-0  21039-3 0  9993
2 41877  98.6576 121.1242 0001470  58.2965 301.8356 14.21652934372971
0 GSAT 18
1 41793U 16060A   24044.87549313 -.00000082  00000-0  00000-0 0  9992
2 41793   0.0119 113.6302 0002101 139.7802 279.1371  1.00270665 26967
0 INSAT 3DR
1 41752U 16054A   24044.87549313 -.00000082  00000-0  00000-0 0  9990
2 41752   0.0650  95.1690 0013625 182.3452 255.0153  1.00270683 27258
0 CARTOSAT 2C
1 41599U 16040A   24045.19947997  .00010038  00000-0  47646-3 0  9991
2 41599  97.4031 106.2593 0012502 225.8157 134.2051 15.19380754424054
0 IRNSS 1G
1 41469U 16027A   24044.97833177 -.00000342  00000-0  00000+0 0  9998
2 41469   3.1662 123.9896 0004647 275.1258 225.9340  1.00263907 28602
0 IRNSS 1F
1 41384U 16015A   24044.87618767  .00000152  00000-0  00000-0 0  9995
2 41384   3.2835 122.6470 0020570 187.6707 181.0535  1.00264986 29106
0 IRNSS 1E
1 41241U 16003A   24044.03313125 -.00000301  00000-0  00000-0 0  9999
2 41241  31.3462  75.3515 0020484 189.3246   1.5347  1.00278771 29509
0 GSAT 15
1 41028U 15065A   24044.91507997 -.00000263  00000-0  00000-0 0  9995
2 41028   0.0959 273.4656 0001443  18.4135 274.4586  1.00271653 30236
0 ASTROSAT
1 40930U 15052A   24044.95493735  .00003699  00000-0  40855-3 0  9990
2 40930   5.9958 167.8534 0007665 110.8044 249.2905 14.78428614453042
0 GSAT 6
1 40880U 15041A   24044.82896611 -.00000166  00000-0  00000-0 0  9990
2 40880   0.1128 268.8682 0002370  38.2579 217.1533  1.00271686 31030
0 IRNSS 1D
1 40547U 15018A   24044.99563505 -.00000270  00000-0  00000+0 0  9990
2 40547  27.7407 254.8438 0018786 176.7926 181.9312  1.00265414 32677
0 GSAT 16
1 40332U 14078A   24045.10677400  .00000080  00000-0  00000+0 0  9999
2 40332   0.0920 268.8287 0003007 176.8993 151.3808  1.00272907 33694
0 IRNSS 1C
1 40269U 14061A   24045.11234347 -.00000168  00000-0  00000+0 0  9998
2 40269   4.3619 108.0255 0017934   0.1377 158.9500  1.00270947 34262
0 IRNSS 1B
1 39635U 14017A   24044.67693424  .00000118  00000-0  00000-0 0  9994
2 39635  29.2268 254.9185 0018190 177.7310   9.2597  1.00272121 36227
0 GSAT 14
1 39498U 14001A   24044.87549313 -.00000082  00000-0  00000-0 0  9994
2 39498   0.0381 268.5655 0006646  17.2525 246.7233  1.00271073 36825
0 GSAT 7
1 39234U 13044B   24044.87549313 -.00000082  00000-0  00000-0 0  9998
2 39234   0.0372 103.4857 0009263 178.3715 250.6944  1.00271112 36762
0 INSAT 3D
1 39216U 13038B   24044.82896611 -.00000161  00000-0  00000-0 0  9990
2 39216   0.0695 277.0982 0002842  16.7965 229.9309  1.00270402 38515
0 IRNSS R1A
1 39199U 13034A   24044.67693424  .00000073  00000-0  00000-0 0  9997
2 39199  33.7938  76.2813 0020005 189.5529 176.1601  1.00269465 38803
0 GSAT 10
1 38779U 12051B   24044.82896611 -.00000170  00000-0  00000-0 0  9997
2 38779   0.0281 281.6838 0004457 357.1978 245.8930  1.00271742 41542
0 RISAT 1
1 38248U 12017A   24045.05158328  .00016323  00000-0  74283-3 0  9995
2 38248  97.5333  62.2621 0002391 357.3131   2.8090 15.20785849650711
0 GSAT 12
1 37746U 11034A   24044.84074894 -.00000263  00000-0  00000-0 0  9996
2 37746   3.0677  87.4417 0004197 158.6469 357.8070  0.98862539 34886
0 GSAT 8
1 37605U 11022A   24045.17830663  .00000080  00000-0  00000+0 0  9993
2 37605   0.0163 169.1958 0007824 115.2446 338.4890  1.00272444 46678
0 RESOURCESAT 2
1 37387U 11015A   24045.15483044  .00000437  00000-0  21841-3 0  9993
2 37387  98.5929 114.2910 0005426 112.6576 247.5176 14.21682484665363
0 CARTOSAT 2B
1 36795U 10035A   24045.17674730  .00001976  00000-0  27567-3 0  9992
2 36795  97.8783 106.0051 0013980  81.5127 278.7668 14.78737755733722
0 OCEANSAT 2
1 35931U 09051A   24045.16884979  .00000447  00000-0  33243-3 0  9996
2 35931  98.2845 105.8450 0017569 122.5479 237.7387 13.99434537759871
0 CARTOSAT 2AT
1 29710U 07001B   24045.26546296  .15373921  28539-5  20784-3 0  9999
2 29710  97.8588 219.0513 0007525 281.0118  81.3478 16.49055820930314
0 CARTOSAT 2AT
1 29710U 07001B   24045.26546296  .15373921  28539-5  20784-3 0  9999
2 29710  97.8588 219.0513 0007525 281.0118  81.3478 16.49055820930314
0 KALPANA 1 (METSAT 1)
1 27525U 02043A   24044.67449966 -.00000141  00000-0  00000-0 0  9992
2 27525  11.6312  38.8356 0005864 111.9841  70.9713  0.98339108 78089
0 POEM
1 52939U 22072E   24044.49822915  .00008956  00000-0  49566-3 0  9996
2 52939   9.9540  15.5369 0033582 237.9336 121.7613 15.08774379 89526























