0 GSAT 1
1 26745U 01015A   23348.52251419 -.00000224  00000-0  00000-0 0  9999
2 26745  12.4671  10.6803 0238197 269.7980  83.8869  1.03822737 86016
0 GSAT 2
1 27807U 03018A   23349.20353656  .00000021  00000-0  00000+0 0  9999
2 27807   9.3825  48.9359 0008676 319.1077  35.7137  0.99842458 75317
0 GSAT 3 (EDUSAT)
1 28417U 04036A   23348.19678800  .00000011  00000-0  00000-0 0  9996
2 28417   9.5632  48.5227 0003639 137.5349 227.1114  0.99263873 70024
0 GSAT 8
1 37605U 11022A   23348.85674366  .00000104  00000-0  00000-0 0  9997
2 37605   0.0172 273.3644 0008561 348.7807 184.6262  1.00272546 44047
0 GSAT 12
1 37746U 11034A   23349.02600539 -.00000086  00000-0  00000+0 0  9996
2 37746   2.9079  88.2586 0005129 141.8946 329.5933  0.98858714 45747
0 GSAT 10
1 38779U 12051B   23349.05396722 -.00000146  00000-0  00000+0 0  9999
2 38779   0.0169  25.2861 0004729 240.8977 279.7087  1.00270109 41112
0 GSAT 7
1 39234U 13044B   23348.90674205 -.00000058  00000-0  00000-0 0  9990
2 39234   0.0724  95.8946 0009621 169.9667 217.8828  1.00271163 36151
0 GSAT 14
1 39498U 14001A   23348.87620119 -.00000058  00000-0  00000-0 0  9997
2 39498   0.0127  50.2408 0006560 214.4775 207.9991  1.00271190 36211
0 GSAT 16
1 40332U 14078A   23348.87237219  .00000104  00000-0  00000-0 0  9996
2 40332   0.0450 262.9720 0002852 215.2025 334.2472  1.00271219 32930
0 GSAT 6
1 40880U 15041A   23348.90119042 -.00000141  00000-0  00000-0 0  9994
2 40880   0.0089  50.9536 0003838 200.3808 238.9232  1.00270096 30423
0 GSAT 15
1 41028U 15065A   23348.89007747 -.00000239  00000-0  00000-0 0  9999
2 41028   0.0678 271.6158 0002613 308.4408 277.2030  1.00270687 29628
0 GSAT 18
1 41793U 16060A   23348.90674205 -.00000058  00000-0  00000-0 0  9994
2 41793   0.0505  98.1876 0002431 142.8882 242.6673  1.00271060 26362
0 GSAT 9
1 42695U 17024A   23349.02409089 -.00000267  00000-0  00000+0 0  9998
2 42695   0.0050 112.7170 0002196 152.6698 284.0550  1.00269095 24256
0 GSAT 19
1 42747U 17031A   23348.86090906  .00000145  00000-0  00000-0 0  9994
2 42747   0.1121  99.7278 0001692 100.5790 240.7611  1.00272103 23959
0 GSAT 17
1 42815U 17040B   23348.89007747 -.00000238  00000-0  00000-0 0  9998
2 42815   0.0196 352.5683 0006552 264.2877 240.3719  1.00268483 23614
0 GSAT 6A
1 43241U 18027A   23349.16280519 -.00000104  00000-0  00000+0 0  9990
2 43241   1.2818 110.5936 1304518  58.4192  35.4940  1.19316325 24936
0 GSAT 29
1 43698U 18089A   23348.58595378  .00000105  00000-0  00000-0 0  9992
2 43698   0.1084  94.4307 0003478 159.8014  94.7480  1.00271610 18607
0 GSAT 11
1 43824U 18100B   23348.90674205 -.00000058  00000-0  00000-0 0  9998
2 43824   0.0288 240.2797 0001175 246.9608 356.5320  1.00271791 18305
0 GSAT 7A
1 43864U 18105A   23348.08609507  .00000049  00000-0  00000-0 0  9998
2 43864   0.0150  29.2236 0002340 224.0254 283.0818  1.00271012 18277
0 GSAT 31
1 44035U 19007B   23347.43850201  .00000150  00000-0  00000-0 0  9991
2 44035   0.0537 120.6537 0005875 144.4619  22.4937  1.00271255 17784
0 GSAT 30
1 45026U 20005A   23348.74494050 -.00000145  00000-0  00000-0 0  9998
2 45026   0.0431 106.6220 0001717 115.4899 212.2464  1.00271560 14320
0 IRNSS R1A
1 39199U 13034A   23347.84007925  .00000075  00000-0  00000+0 0  9997
2 39199  33.6543  77.2048 0021512 184.7486 177.6838  1.00271680 38460
0 IRNSS 1B
1 39635U 14017A   23347.84007925  .00000134  00000-0  00000+0 0  9990
2 39635  28.5037 255.9700 0017452 181.6844   2.0550  1.00274947 35590
0 IRNSS 1C
1 40269U 14061A   23348.90119042 -.00000145  00000-0  00000-0 0  9990
2 40269   4.2126 109.7109 0017736   5.1902  15.8446  1.00273631 33519
0 IRNSS 1D
1 40547U 15018A   23348.66879944 -.00000255  00000-0  00000+0 0  9990
2 40547  27.8642 255.9098 0017359 182.3661 357.3044  1.00266592 32069
0 IRNSS 1E
1 41241U 16003A   23348.66888647 -.00000299  00000-0  00000+0 0  9995
2 41241  31.2104  76.2694 0021667 183.9004 175.5176  1.00276354 29018
0 IRNSS 1F
1 41384U 16015A   23348.86793403  .00000177  00000-0  00000-0 0  9998
2 41384   3.1495 125.1766 0022137 179.3931 123.5498  1.00266507 28481
0 IRNSS 1G
1 41469U 16027A   23348.88725309 -.00000316  00000-0  00000+0 0  9992
2 41469   3.0358 126.6321 0002176 243.9174 161.6449  1.00266851 27999
0 IRNSS 1I
1 43286U 18035A   23348.85674366  .00000091  00000-0  00000-0 0  9995
2 43286  28.6803  88.5820 0022406 180.6333 177.4121  1.00273052 20893
0 RISAT 2B
1 44233U 19028A   23349.17885327  .00003795  00000-0  32070-3 0  9997
2 44233  36.9998   9.6939 0009237 232.2528 127.7377 14.98114430250481
0 RISAT-2BR1
1 44857U 19089F   23348.71332205  .00002657  00000-0  22618-3 0  9990
2 44857  36.9603 132.5962 0012193 345.3130  14.7256 14.98152841219695
0 RISAT-2BR2
1 46905U 20081A   23348.90568596  .00003356  00000-0  28456-3 0  9998
2 46905  36.8994 248.4664 0012221 297.8086  62.1415 14.98042513169942
0 OCEANSAT 2
1 35931U 09051A   23349.18104299  .00000381  00000-0  28802-3 0  9996
2 35931  98.2943  50.6086 0015038 301.8962  58.0740 13.99419046751349
0 IRS P4 (OCEANSAT 1)
1 25758U 99029C   23348.93582396  .00000427  00000-0  11256-3 0  9992
2 25758  97.8978 353.8827 0004267 111.9626 248.2025 14.53424198301073
0 CARTOSAT-1
1 28649U 05017A   23349.09902222  .00001181  00000-0  14085-3 0  9991
2 28649  97.6428  34.9713 0001204 147.4884 212.6406 14.86036387  7731
0 CARTOSAT 2AT
1 29710U 07001B   23348.96695359  .00090139  50840-5  45797-3 0  9998
2 29710  97.8951 147.4062 0053676 254.2377 105.2965 15.79353430920549
0 CARTOSAT 2A
1 32783U 08021A   23349.17096244  .00000751  00000-0  10921-3 0  9997
2 32783  97.8938  46.4694 0012203 195.4850 164.5990 14.78718512843667
0 CARTOSAT 2B
1 36795U 10035A   23349.14003358  .00000723  00000-0  10536-3 0  9994
2 36795  97.8880  46.2099 0011800 277.8752  82.1120 14.78735511724706
0 CARTOSAT 2C
1 41599U 16040A   23349.14451164  .00004083  00000-0  19680-3 0  9998
2 41599  97.4133  46.3681 0013917  78.1953 282.0842 15.19192645414782
0 CARTOSAT 2D
1 41948U 17008A   23348.84812372  .00004981  00000-0  23978-3 0  9991
2 41948  97.4540  45.9191 0004668 211.4114 148.6842 15.19208929378607
0 CARTOSAT 2E
1 42767U 17036C   23349.12712636  .00004539  00000-0  21897-3 0  9993
2 42767  97.4661  45.9986 0005703 284.9196  75.1406 15.19183181359217
0 CARTOSAT 2F
1 43111U 18004A   23349.16072167  .00004489  00000-0  21631-3 0  9995
2 43111  97.4594  46.3112 0001910 298.3368  61.7674 15.19237948328404
0 CARTOSAT 3
1 44804U 19081A   23348.82811954  .00005217  00000-0  25001-3 0  9993
2 44804  97.5324  41.8123 0012374 107.2465 253.0125 15.19297417224443
0 HYSIS
1 43719U 18096A   23349.18607314  .00001117  00000-0  15917-3 0  9995
2 43719  97.8921  51.9838 0001797 186.9338 173.1849 14.78731031272209
0 ASTROSAT
1 40930U 15052A   23347.21198704  .00001539  00000-0  12030-3 0  9997
2 40930   5.9965 256.5073 0008877 297.7220  62.2007 14.78189631443690
0 EOS-4
1 51656U 22013A   23349.14376741  .00002028  00000-0  11944-3 0  9999
2 51656  97.5151 353.6113 0002038  99.9248 260.2213 15.12730385101158
0 EOS-6
1 54361U 22158A   23349.18185814  .00000344  00000-0  10664-3 0  9995
2 54361  98.3545  83.7395 0001122  98.4196 261.7123 14.46981940 55517
0 EOS-7
1 55562U 23019A   23348.90035767 -.00207640  00000-0 -43414-2 0  9994
2 55562  37.1832 330.8352 0000848 256.9685 187.3375 15.45364992 47580
0 RESOURCESAT 2
1 37387U 11015A   23349.20655534  .00000156  00000-0  90755-4 0  9999
2 37387  98.6028  54.9024 0003317 295.9744  64.1091 14.21680051656704
0 RESOURCESAT 2A
1 41877U 16074A   23349.18900479 -.00000015  00000-0  13025-4 0  9996
2 41877  98.6669  61.2255 0001371 142.3032 217.8242 14.21637371364308
0 SCATSAT 1
1 41790U 16059H   23348.89831411  .00000276  00000-0  80149-4 0  9998
2 41790  98.2478  29.6929 0004015 333.1802  26.9185 14.51387071382177
0 INSAT 3D
1 39216U 13038B   23348.90119042 -.00000136  00000-0  00000-0 0  9993
2 39216   0.0183 340.6944 0002583 279.4993 229.6167  1.00270192 37900
0 IRS P2
1 23323U 94068A   23348.93967978  .00000104  00000-0  65481-4 0  9991
2 23323  99.0026   5.9023 0000933  92.8951 267.2334 14.24123755514763
0 IRS P2 R/B
1 23324U 94068B   23349.13652835  .00000042  00000-0  42830-4 0  9992
2 23324  98.9619  46.0770 0057212   4.0986 356.0645 14.17105059508168
0 IRS B3
1 23827U 96017A   23348.90543562  .00000151  00000-0  87506-4 0  9996
2 23827  99.0175 331.7177 0004302  54.4653 305.6925 14.23038500439653
0 IRS P4 (OCEANSAT 1)
1 25758U 99029C   23348.93582396  .00000427  00000-0  11256-3 0  9992
2 25758  97.8978 353.8827 0004267 111.9626 248.2025 14.53424198301073
0 IRS P6
1 28051U 03046A   23349.17624586  .00000252  00000-0  99372-4 0  9992
2 28051  98.3369  48.1964 0059395 197.6647 222.5856 14.35913183 49257